--------------------------------- 
This is the policy for a new seed 
--------------------------------- 
t = 1
[  0   1   2   3   4   5   6   7   8   9  10  11  12  13  14  15  16  17  18  19  20  21  22  23  24  25  26  27  28  29  30  31  32  33  34  35  36  37  38  39  41  44  45  46  49  50  51  52  56  58  66  70  71  73  74  76  78  80  83  84  85  88  89  90  98 102 103 104 105 110 116 120 123 128 129 131 135 136 137 138 140 147 148 149 153 157 158 160 162 165 167 177 181 182 185 186 187 188 190 193 195 197 200 207 208 209 729 735 737 741 746 749 752 755 758 760 761 762 763 764 766 771 774 778 781 783 786 788 790 791 805 808 813 817 818 827 828 833 834 844 849 859 867 868 869 874 875 877 878 879 880 882 883 884 885 886 887 907 910 914 915 916 919 926 930 945 955 958 960 963 965 966 970 971 978 982 987 988 993 994 995 998 999], 
--------------------------------- 
This is the policy for a new seed 
--------------------------------- 
t = 1
[  0   1   2   3   4   5   6   7   8   9  10  11  12  13  14  15  16  17  18  19  20  21  22  23  24  25  26  27  28  29  30  31  32  33  34  35  36  37  38  39  41  42  43  45  46  52  53  54  58  62  63  68  73  74  77  78  82  86  87  88  91  92  94  96  97 100 103 104 105 107 108 109 112 117 123 124 125 130 132 134 135 139 140 147 148 152 160 162 167 172 173 174 176 177 179 181 182 185 187 188 189 190 192 195 198 199 203 207 209 729 735 736 745 747 748 749 754 761 762 769 771 773 780 781 782 784 788 789 793 795 800 803 804 811 812 818 820 821 822 824 838 843 849 851 856 857 860 865 866 872 878 879 880 886 888 891 894 895 903 906 917 921 924 925 927 928 934 939 947 948 949 954 957 960 961 964 965 967 968 975 977 982 983 985 986 991 996], 
--------------------------------- 
This is the policy for a new seed 
--------------------------------- 
t = 1
[  0   1   2   3   4   5   6   7   8   9  10  11  12  13  14  15  16  17  18  19  20  21  22  23  24  25  26  27  28  29  30  31  32  33  34  35  36  37  38  39  41  44  45  46  49  50  51  52  56  58  66  70  71  73  74  76  78  80  83  84  85  88  89  90  98 102 103 104 105 110 116 120 123 128 129 131 135 136 137 138 140 147 148 149 153 157 158 160 162 165 167 177 181 182 185 186 187 188 190 193 195 197 200 207 208 209 729 735 737 741 746 749 752 755 758 760 761 762 763 764 766 771 774 778 781 783 786 788 790 791 805 808 813 817 818 827 828 833 834 844 849 859 867 868 869 874 875 877 878 879 880 882 883 884 885 886 887 907 910 914 915 916 919 926 930 945 955 958 960 963 965 966 970 971 978 982 987 988 993 994 995 998 999], 
--------------------------------- 
This is the policy for a new seed 
--------------------------------- 
t = 1
[  0   1   2   3   4   5   6   7   8   9  10  11  12  13  14  15  16  17  18  19  20  21  22  23  24  25  26  27  28  29  30  31  32  33  34  35  36  37  38  39  41  42  43  45  46  52  53  54  58  62  63  68  73  74  77  78  82  86  87  88  91  92  94  96  97 100 103 104 105 107 108 109 112 117 123 124 125 130 132 134 135 139 140 147 148 152 160 162 167 172 173 174 176 177 179 181 182 185 187 188 189 190 192 195 198 199 203 207 209 729 735 736 745 747 748 749 754 761 762 769 771 773 780 781 782 784 788 789 793 795 800 803 804 811 812 818 820 821 822 824 838 843 849 851 856 857 860 865 866 872 878 879 880 886 888 891 894 895 903 906 917 921 924 925 927 928 934 939 947 948 949 954 957 960 961 964 965 967 968 975 977 982 983 985 986 991 996], 
